1,256
1.0028,1
1.0056,1
1.0084,1
1.0112,1
1.014,1
1.0168,1
1.0196,1
1.0224,1
1.0252,1
1.028,1
1.0308,1
1.0336,1
1.0364,1
1.0392,1
1.042,1
1.0448,1
1.0476,1
1.0504,1
1.0532,1
1.056,1
1.0588,1
1.0616,1
1.0644,1
1.0672,1
1.07,1
1.0728,1
1.0756,1
1.0784,1
1.0812,1
1.084,1
1.0868,1
1.0896,1
1.0924,1
1.0952,1
1.098,1
1.1008,1
1.1036,1
1.1064,1
1.1092,1
1.112,1
1.1148,1
1.1176,1
1.1204,1
1.1232,1
1.126,1
1.1288,1
1.1316,1
1.1344,1
1.1372,1
1.14,1
1.1428,1
1.1456,1
1.1484,1
1.1512,1
1.154,1
1.1568,1
1.1596,1
1.1624,1
1.1652,1
1.168,1
1.1708,1
1.1736,1
1.1764,1
1.1792,1
1.182,1
1.1848,1
1.1876,1
1.1904,1
1.1932,1
1.196,1
1.1988,1
1.2016,1
1.2044,1
1.2072,1
1.21,1
1.2128,1
1.2156,1
1.2184,1
1.2212,1
1.224,1
1.2268,1
1.2296,1
1.2324,1
1.2352,1
1.238,1
1.2408,1
1.2436,1
1.2464,1
1.2492,1
1.252,1
1.2548,1
1.2576,1
1.2604,1
1.2632,1
1.266,1
1.2688,1
1.2716,1
1.2744,1
1.2772,1
1.28,1
1.2828,1
1.2856,1
1.2884,1
1.2912,1
1.294,1
1.2968,1
1.2996,1
1.3024,1
1.3052,1
1.308,1
1.3108,1
1.3136,1
1.3164,1
1.3192,1
1.322,1
1.3248,1
1.3276,1
1.3304,1
1.3332,1
1.336,1
1.3388,1
1.3416,1
1.3444,1
1.3472,1
1.35,1
1.3528,1
1.3556,1
1.3584,1
1.3612,1
1.364,1
1.3668,1
1.3696,1
1.3724,1
1.3752,1
1.378,1
1.3808,1
1.3836,1
1.3864,1
1.3892,1
1.392,1
1.3948,1
1.3976,1
1.4004,1
1.4032,1
1.406,1
1.4088,1
1.4116,1
1.4144,1
1.4172,1
1.42,1
1.4228,1
1.4256,1
1.4284,1
1.4312,1
1.434,1
1.4368,1
1.4396,1
1.4424,1
1.4452,1
1.448,1
1.4508,1
1.4536,1
1.4564,1
1.4592,1
1.462,1
1.4648,1
1.4676,1
1.4704,1
1.4732,1
1.476,1
1.4788,1
1.4816,1
1.4844,1
1.4872,1
1.49,1
1.4928,1
1.4956,1
1.4984,1
1.5012,1
1.504,1
1.5068,1
1.5096,1
1.5124,1
1.5152,1
1.518,1
1.5208,1
1.5236,1
1.5264,1
1.5292,1
1.532,1
1.5348,1
1.5376,1
1.5404,1
1.5432,1
1.546,1
1.5488,1
1.5516,1
1.5544,1
1.5572,1
1.56,1
1.5628,1
1.5656,1
1.5684,1
1.5712,1
1.574,1
1.5768,1
1.5796,1
1.5824,1
1.5852,1
1.588,1
1.5908,1
1.5936,1
1.5964,1
1.5992,1
1.602,1
1.6048,1
1.6076,1
1.6104,1
1.6132,1
1.616,1
1.6188,1
1.6216,1
1.6244,1
1.6272,1
1.63,1
1.6328,1
1.6356,1
1.6384,1
1.6412,1
1.644,1
1.6468,1
1.6496,1
1.6524,1
1.6552,1
1.658,1
1.6608,1
1.6636,1
1.6664,1
1.6692,1
1.672,1
1.6748,1
1.6776,1
1.6804,1
1.6832,1
1.686,1
1.6888,1
1.6916,1
1.6944,1
1.6972,1
1.7,1
1.7028,1
1.7056,1
1.7084,1
1.7112,1
1.714,1
1.7168,1
1.7196,1
1.7224,1
1.7252,1
1.728,1
1.7308,1
1.7336,1
1.7364,1
1.7392,1
1.742,1
1.7448,1
1.7476,1
1.7504,1
1.7532,1
1.756,1
1.7588,1
1.7616,1
1.7644,1
1.7672,1
1.77,1
1.7728,1
1.7756,1
1.7784,1
1.7812,1
1.784,1
1.7868,1
1.7896,1
1.7924,1
1.7952,1
1.798,1
1.8008,1
1.8036,1
1.8064,1
1.8092,1
1.812,1
1.8148,1
1.8176,1
1.8204,1
1.8232,1
1.826,1
1.8288,1
1.8316,1
1.8344,1
1.8372,1
1.84,1
1.8428,1
1.8456,1
1.8484,1
1.8512,1
1.854,1
1.8568,1
1.8596,1
1.8624,1
1.8652,1
1.868,1
1.8708,1
1.8736,1
1.8764,1
1.8792,1
1.882,1
1.8848,1
1.8876,1
1.8904,1
1.8932,1
1.896,1
1.8988,1
1.9016,1
1.9044,1
1.9072,1
1.91,1
1.9128,1
1.9156,1
1.9184,1
1.9212,1
1.924,1
1.9268,1
1.9296,1
1.9324,1
1.9352,1
1.938,1
1.9408,1
1.9436,1
1.9464,1
1.9492,1
1.952,1
1.9548,1
1.9576,1
1.9604,1
1.9632,1
1.966,1
1.9688,1
1.9716,1
1.9744,1
1.9772,1
1.98,1
1.9828,1
1.9856,1
1.9884,1
1.9912,1
1.994,1
1.9968,1
1.9996,1
2.0024,1
2.0052,1
2.008,1
2.0108,1
2.0136,1
2.0164,1
2.0192,1
2.022,1
2.0248,1
2.0276,1
2.0304,1
2.0332,1
2.036,1
2.0388,1
2.0416,1
2.0444,1
2.0472,1
2.05,1
2.0528,1
2.0556,1
2.0584,1
2.0612,1
2.064,1
2.0668,1
2.0696,1
2.0724,1
2.0752,1
2.078,1
2.0808,1
2.0836,1
2.0864,1
2.0892,1
2.092,1
2.0948,1
2.0976,1
2.1004,1
2.1032,1
2.106,1
2.1088,1
2.1116,1
2.1144,1
2.1172,1
2.12,1
2.1228,1
2.1256,1
2.1284,1
2.1312,1
2.134,1
2.1368,1
2.1396,1
2.1424,1
2.1452,1
2.148,1
2.1508,1
2.1536,1
2.1564,1
2.1592,1
2.162,1
2.1648,1
2.1676,1
2.1704,1
2.1732,1
2.176,1
2.1788,1
2.1816,1
2.1844,1
2.1872,1
2.19,1
2.1928,1
2.1956,1
2.1984,1
2.2012,1
2.204,1
2.2068,1
2.2096,1
2.2124,1
2.2152,1
2.218,1
2.2208,1
2.2236,1
2.2264,1
2.2292,1
2.232,1
2.2348,1
2.2376,1
2.2404,1
2.2432,1
2.246,1
2.2488,1
2.2516,1
2.2544,1
2.2572,1
2.26,1
2.2628,1
2.2656,1
2.2684,1
2.2712,1
2.274,1
2.2768,1
2.2796,1
2.2824,1
2.2852,1
2.288,1
2.2908,1
2.2936,1
2.2964,1
2.2992,1
2.302,1
2.3048,1
2.3076,1
2.3104,1
2.3132,1
2.316,1
2.3188,1
2.3216,1
2.3244,1
2.3272,1
2.33,1
2.3328,1
2.3356,1
2.3384,1
2.3412,1
2.344,1
2.3468,1
2.3496,1
2.3524,1
2.3552,1
2.358,1
2.3608,1
2.3636,1
2.3664,1
2.3692,1
2.372,1
2.3748,1
2.3776,1
2.3804,1
2.3832,1
2.386,1
2.3888,1
2.3916,1
2.3944,1
2.3972,1
2.4,1
2.4028,1
2.4056,1
2.4084,1
2.4112,1
2.414,1
2.4168,1
2.4196,1
2.4224,1
2.4252,1
2.428,1
2.4308,1
2.4336,1
2.4364,1
2.4392,1
2.442,1
2.4448,1
2.4476,1
2.4504,1
2.4532,1
2.456,1
2.4588,1
2.4616,1
2.4644,1
2.4672,1
2.47,1
2.4728,1
2.4756,1
2.4784,1
2.4812,1
2.484,1
2.4868,1
2.4896,1
2.4924,1
2.4952,1
2.498,1
2.5008,1
2.5036,1
2.5064,1
2.5092,1
2.512,1
2.5148,1
2.5176,1
2.5204,1
2.5232,1
2.526,1
2.5288,1
2.5316,1
2.5344,1
2.5372,1
2.54,1
2.5428,1
2.5456,1
2.5484,1
2.5512,1
2.554,1
2.5568,1
2.5596,1
2.5624,1
2.5652,1
2.568,1
2.5708,1
2.5736,1
2.5764,1
2.5792,1
2.582,1
2.5848,1
2.5876,1
2.5904,1
2.5932,1
2.596,1
2.5988,1
2.6016,1
2.6044,1
2.6072,1
2.61,1
2.6128,1
2.6156,1
2.6184,1
2.6212,1
2.624,1
2.6268,1
2.6296,1
2.6324,1
2.6352,1
2.638,1
2.6408,1
2.6436,1
2.6464,1
2.6492,1
2.652,1
2.6548,1
2.6576,1
2.6604,1
2.6632,1
2.666,1
2.6688,1
2.6716,1
2.6744,1
2.6772,1
2.68,1
2.6828,1
2.6856,1
2.6884,1
2.6912,1
2.694,1
2.6968,1
2.6996,1
2.7024,1
2.7052,1
2.708,1
2.7108,1
2.7136,1
2.7164,1
2.7192,1
2.722,1
2.7248,1
2.7276,1
2.7304,1
2.7332,1
2.736,1
2.7388,1
2.7416,1
2.7444,1
2.7472,1
2.75,1
2.7528,1
2.7556,1
2.7584,1
2.7612,1
2.764,1
2.7668,1
2.7696,1
2.7724,1
2.7752,1
2.778,1
2.7808,1
2.7836,1
2.7864,1
2.7892,1
2.792,1
2.7948,1
2.7976,1
2.8004,1
2.8032,1
2.806,1
2.8088,1
2.8116,1
2.8144,1
2.8172,1
2.82,1
2.8228,1
2.8256,1
2.8284,1
2.8312,1
2.834,1
2.8368,1
2.8396,1
2.8424,1
2.8452,1
2.848,1
2.8508,1
2.8536,1
2.8564,1
2.8592,1
2.862,1
2.8648,1
2.8676,1
2.8704,1
2.8732,1
2.876,1
2.8788,1
2.8816,1
2.8844,1
2.8872,1
2.89,1
2.8928,1
2.8956,1
2.8984,1
2.9012,1
2.904,1
2.9068,1
2.9096,1
2.9124,1
2.9152,1
2.918,1
2.9208,1
2.9236,1
2.9264,1
2.9292,1
2.932,1
2.9348,1
2.9376,1
2.9404,1
2.9432,1
2.946,1
2.9488,1
2.9516,1
2.9544,1
2.9572,1
2.96,1
2.9628,1
2.9656,1
2.9684,1
2.9712,1
2.974,1
2.9768,1
2.9796,1
2.9824,1
2.9852,1
2.988,1
2.9908,1
2.9936,1
2.9964,1
2.9992,1
3.002,1
3.0048,1
3.0076,1
3.0104,1
3.0132,1
3.016,1
3.0188,1
3.0216,1
3.0244,1
3.0272,1
3.03,1
3.0328,1
3.0356,1
3.0384,1
3.0412,1
3.044,1
3.0468,1
3.0496,1
3.0524,1
3.0552,1
3.058,1
3.0608,1
3.0636,1
3.0664,1
3.0692,1
3.072,1
3.0748,1
3.0776,1
3.0804,1
3.0832,1
3.086,1
3.0888,1
3.0916,1
3.0944,1
3.0972,1
3.1,1
3.1028,1
3.1056,1
3.1084,1
3.1112,1
3.114,1
3.1168,1
3.1196,1
3.1224,1
3.1252,1
3.128,1
3.1308,1
3.1336,1
3.1364,1
3.1392,1
3.142,1
3.1448,1
3.1476,1
3.1504,1
3.1532,1
3.156,1
3.1588,1
3.1616,1
3.1644,1
3.1672,1
3.17,1
3.1728,1
3.1756,1
3.1784,1
3.1812,1
3.184,1
3.1868,1
3.1896,1
3.1924,1
3.1952,1
3.198,1
3.2008,1
3.2036,1
3.2064,1
3.2092,1
3.212,1
3.2148,1
3.2176,1
3.2204,1
3.2232,1
3.226,1
3.2288,1
3.2316,1
3.2344,1
3.2372,1
3.24,1
3.2428,1
3.2456,1
3.2484,1
3.2512,1
3.254,1
3.2568,1
3.2596,1
3.2624,1
3.2652,1
3.268,1
3.2708,1
3.2736,1
3.2764,1
3.2792,1
3.282,1
3.2848,1
3.2876,1
3.2904,1
3.2932,1
3.296,1
3.2988,1
3.3016,1
3.3044,1
3.3072,1
3.31,1
3.3128,1
3.3156,1
3.3184,1
3.3212,1
3.324,1
3.3268,1
3.3296,1
3.3324,1
3.3352,1
3.338,1
3.3408,1
3.3436,1
3.3464,1
3.3492,1
3.352,1
3.3548,1
3.3576,1
3.3604,1
3.3632,1
3.366,1
3.3688,1
3.3716,1
3.3744,1
3.3772,1
3.38,1
3.3828,1
3.3856,1
3.3884,1
3.3912,1
3.394,1
3.3968,1
3.3996,1
3.4024,1
3.4052,1
3.408,1
3.4108,1
3.4136,1
3.4164,1
3.4192,1
3.422,1
3.4248,1
3.4276,1
3.4304,1
3.4332,1
3.436,1
3.4388,1
3.4416,1
3.4444,1
3.4472,1
3.45,1
3.4528,1
3.4556,1
3.4584,1
3.4612,1
3.464,1
3.4668,1
3.4696,1
3.4724,1
3.4752,1
3.478,1
3.4808,1
3.4836,1
3.4864,1
3.4892,1
3.492,1
3.4948,1
3.4976,1
3.5004,1
3.5032,1
3.506,1
3.5088,1
3.5116,1
3.5144,1
3.5172,1
3.52,1
3.5228,1
3.5256,1
3.5284,1
3.5312,1
3.534,1
3.5368,1
3.5396,1
3.5424,1
3.5452,1
3.548,1
3.5508,1
3.5536,1
3.5564,1
3.5592,1
3.562,1
3.5648,1
3.5676,1
3.5704,1
3.5732,1
3.576,1
3.5788,1
3.5816,1
3.5844,1
3.5872,1
3.59,1
3.5928,1
3.5956,1
3.5984,1
3.6012,1
3.604,1
3.6068,1
3.6096,1
3.6124,1
3.6152,1
3.618,1
3.6208,1
3.6236,1
3.6264,1
3.6292,1
3.632,1
3.6348,1
3.6376,1
3.6404,1
3.6432,1
3.646,1
3.6488,1
3.6516,1
3.6544,1
3.6572,1
3.66,1
3.6628,1
3.6656,1
3.6684,1
3.6712,1
3.674,1
3.6768,1
3.6796,1
3.6824,1
3.6852,1
3.688,1
3.6908,1
3.6936,1
3.6964,1
3.6992,1
3.702,1
3.7048,1
3.7076,1
3.7104,1
3.7132,1
3.716,1
3.7188,1
3.7216,1
3.7244,1
3.7272,1
3.73,1
3.7328,1
3.7356,1
3.7384,1
3.7412,1
3.744,1
3.7468,1
3.7496,1
3.7524,1
3.7552,1
3.758,1
3.7608,1
3.7636,1
3.7664,1
3.7692,1
3.772,1
3.7748,1
3.7776,1
3.7804,1
3.7832,1
3.786,1
3.7888,1
3.7916,1
3.7944,1
3.7972,1
3.8,1
3.8028,1
3.8056,1
3.8084,1
3.8112,1
3.814,1
3.8168,1
3.8196,1
3.8224,1
3.8252,1
3.828,1
3.8308,1
3.8336,1
3.8364,1
3.8392,1
3.842,1
3.8448,1
3.8476,1
3.8504,1
3.8532,1
3.856,1
3.8588,1
3.8616,1
3.8644,1
3.8672,1
3.87,1
3.8728,1
3.8756,1
3.8784,1
3.8812,1
3.884,1
3.8868,1
3.8896,1
3.8924,1
3.8952,1
3.898,1
3.9008,1
3.9036,1
3.9064,1
3.9092,1
3.912,1
3.9148,1
3.9176,1
3.9204,1
3.9232,1
3.926,1
3.9288,1
3.9316,1
3.9344,1
3.9372,1
3.94,1
3.9428,1
3.9456,1
3.9484,1
3.9512,1
3.954,1
3.9568,1
3.9596,1
3.9624,1
3.9652,1
3.968,1
3.9708,1
3.9736,1
3.9764,1
3.9792,1
3.982,1
3.9848,1
3.9876,1
3.9904,1
3.9932,1
3.996,1
3.9988,1
4.0016,1
4.0044,1
4.0072,1
4.01,1
4.0128,1
4.0156,1
4.0184,1
4.0212,1
4.024,1
4.0268,1
4.0296,1
4.0324,1
4.0352,1
4.038,1
4.0408,1
4.0436,1
4.0464,1
4.0492,1
4.052,1
4.0548,1
4.0576,1
4.0604,1
4.0632,1
4.066,1
4.0688,1
4.0716,1
4.0744,1
4.0772,1
4.08,1
4.0828,1
4.0856,1
4.0884,1
4.0912,1
4.094,1
4.0968,1
4.0996,1
4.1024,1
4.1052,1
4.108,1
4.1108,1
4.1136,1
4.1164,1
4.1192,1
4.122,1
4.1248,1
4.1276,1
4.1304,1
4.1332,1
4.136,1
4.1388,1
4.1416,1
4.1444,1
4.1472,1
4.15,1
4.1528,1
4.1556,1
4.1584,1
4.1612,1
4.164,1
4.1668,1
4.1696,1
4.1724,1
4.1752,1
4.178,1
4.1808,1
4.1836,1
4.1864,1
4.1892,1
4.192,1
4.1948,1
4.1976,1
4.2004,1
4.2032,1
4.206,1
4.2088,1
4.2116,1
4.2144,1
4.2172,1
4.22,1
4.2228,1
4.2256,1
4.2284,1
4.2312,1
4.234,1
4.2368,1
4.2396,1
4.2424,1
4.2452,1
4.248,1
4.2508,1
4.2536,1
4.2564,1
4.2592,1
4.262,1
4.2648,1
4.2676,1
4.2704,1
4.2732,1
4.276,1
4.2788,1
4.2816,1
4.2844,1
4.2872,1
4.29,1
4.2928,1
4.2956,1
4.2984,1
4.3012,1
4.304,1
4.3068,1
4.3096,1
4.3124,1
4.3152,1
4.318,1
4.3208,1
4.3236,1
4.3264,1
4.3292,1
4.332,1
4.3348,1
4.3376,1
4.3404,1
4.3432,1
4.346,1
4.3488,1
4.3516,1
4.3544,1
4.3572,1
4.36,1
4.3628,1
4.3656,1
4.3684,1
4.3712,1
4.374,1
4.3768,1
4.3796,1
4.3824,1
4.3852,1
4.388,1
4.3908,1
4.3936,1
4.3964,1
4.3992,1
4.402,1
4.4048,1
4.4076,1
4.4104,1
4.4132,1
4.416,1
4.4188,1
4.4216,1
4.4244,1
4.4272,1
4.43,1
4.4328,1
4.4356,1
4.4384,1
4.4412,1
4.444,1
4.4468,1
4.4496,1
4.4524,1
4.4552,1
4.458,1
4.4608,1
4.4636,1
4.4664,1
4.4692,1
4.472,1
4.4748,1
4.4776,1
4.4804,1
4.4832,1
4.486,1
4.4888,1
4.4916,1
4.4944,1
4.4972,1
4.5,1
4.5028,1
4.5056,1
4.5084,1
4.5112,1
4.514,1
4.5168,1
4.5196,1
4.5224,1
4.5252,1
4.528,1
4.5308,1
4.5336,1
4.5364,1
4.5392,1
4.542,1
4.5448,1
4.5476,1
4.5504,1
4.5532,1
4.556,1
4.5588,1
4.5616,1
4.5644,1
4.5672,1
4.57,1
4.5728,1
4.5756,1
4.5784,1
4.5812,1
4.584,1
4.5868,1
4.5896,1
4.5924,1
4.5952,1
4.598,1
4.6008,1
4.6036,1
4.6064,1
4.6092,1
4.612,1
4.6148,1
4.6176,1
4.6204,1
4.6232,1
4.626,1
4.6288,1
4.6316,1
4.6344,1
4.6372,1
4.64,1
4.6428,1
4.6456,1
4.6484,1
4.6512,1
4.654,1
4.6568,1
4.6596,1
4.6624,1
4.6652,1
4.668,1
4.6708,1
4.6736,1
4.6764,1
4.6792,1
4.682,1
4.6848,1
4.6876,1
4.6904,1
4.6932,1
4.696,1
4.6988,1
4.7016,1
4.7044,1
4.7072,1
4.71,1
4.7128,1
4.7156,1
4.7184,1
4.7212,1
4.724,1
4.7268,1
4.7296,1
4.7324,1
4.7352,1
4.738,1
4.7408,1
4.7436,1
4.7464,1
4.7492,1
4.752,1
4.7548,1
4.7576,1
4.7604,1
4.7632,1
4.766,1
4.7688,1
4.7716,1
4.7744,1
4.7772,1
4.78,1
4.7828,1
4.7856,1
4.7884,1
4.7912,1
4.794,1
4.7968,1
4.7996,1
4.8024,1
4.8052,1
4.808,1
4.8108,1
4.8136,1
4.8164,1
4.8192,1
4.822,1
4.8248,1
4.8276,1
4.8304,1
4.8332,1
4.836,1
4.8388,1
4.8416,1
4.8444,1
4.8472,1
4.85,1
4.8528,1
4.8556,1
4.8584,1
4.8612,1
4.864,1
4.8668,1
4.8696,1
4.8724,1
4.8752,1
4.878,1
4.8808,1
4.8836,1
4.8864,1
4.8892,1
4.892,1
4.8948,1
4.8976,1
4.9004,1
4.9032,1
4.906,1
4.9088,1
4.9116,1
4.9144,1
4.9172,1
4.92,1
4.9228,1
4.9256,1
4.9284,1
4.9312,1
4.934,1
4.9368,1
4.9396,1
4.9424,1
4.9452,1
4.948,1
4.9508,1
4.9536,1
4.9564,1
4.9592,1
4.962,1
4.9648,1
4.9676,1
4.9704,1
4.9732,1
4.976,1
4.9788,1
4.9816,1
4.9844,1
4.9872,1
4.99,1
4.9928,1
4.9956,1
4.9984,1
5.0012,1
5.004,1
5.0068,1
5.0096,1
5.0124,1
5.0152,1
5.018,1
5.0208,1
5.0236,1
5.0264,1
5.0292,1
5.032,1
5.0348,1
5.0376,1
5.0404,1
5.0432,1
5.046,1
5.0488,1
5.0516,1
5.0544,1
5.0572,1
5.06,1
5.0628,1
5.0656,1
5.0684,1
5.0712,1
5.074,1
5.0768,1
5.0796,1
5.0824,1
5.0852,1
5.088,1
5.0908,1
5.0936,1
5.0964,1
5.0992,1
5.102,1
5.1048,1
5.1076,1
5.1104,1
5.1132,1
5.116,1
5.1188,1
5.1216,1
5.1244,1
5.1272,1
5.13,1
5.1328,1
5.1356,1
5.1384,1
5.1412,1
5.144,1
5.1468,1
5.1496,1
5.1524,1
5.1552,1
5.158,1
5.1608,1
5.1636,1
5.1664,1
5.1692,1
5.172,1
5.1748,1
5.1776,1
5.1804,1
5.1832,1
5.186,1
5.1888,1
5.1916,1
5.1944,1
5.1972,1
5.2,1
5.2028,1
5.2056,1
5.2084,1
5.2112,1
5.214,1
5.2168,1
5.2196,1
5.2224,1
5.2252,1
5.228,1
5.2308,1
5.2336,1
5.2364,1
5.2392,1
5.242,1
5.2448,1
5.2476,1
5.2504,1
5.2532,1
5.256,1
5.2588,1
5.2616,1
5.2644,1
5.2672,1
5.27,1
5.2728,1
5.2756,1
5.2784,1
5.2812,1
5.284,1
5.2868,1
5.2896,1
5.2924,1
5.2952,1
5.298,1
5.3008,1
5.3036,1
5.3064,1
5.3092,1
5.312,1
5.3148,1
5.3176,1
5.3204,1
5.3232,1
5.326,1
5.3288,1
5.3316,1
5.3344,1
5.3372,1
5.34,1
5.3428,1
5.3456,1
5.3484,1
5.3512,1
5.354,1
5.3568,1
5.3596,1
5.3624,1
5.3652,1
5.368,1
5.3708,1
5.3736,1
5.3764,1
5.3792,1
5.382,1
5.3848,1
5.3876,1
5.3904,1
5.3932,1
5.396,1
5.3988,1
5.4016,1
5.4044,1
5.4072,1
5.41,1
5.4128,1
5.4156,1
5.4184,1
5.4212,1
5.424,1
5.4268,1
5.4296,1
5.4324,1
5.4352,1
5.438,1
5.4408,1
5.4436,1
5.4464,1
5.4492,1
5.452,1
5.4548,1
5.4576,1
5.4604,1
5.4632,1
5.466,1
5.4688,1
5.4716,1
5.4744,1
5.4772,1
5.48,1
5.4828,1
5.4856,1
5.4884,1
5.4912,1
5.494,1
5.4968,1
5.4996,1
5.5024,1
5.5052,1
5.508,1
5.5108,1
5.5136,1
5.5164,1
5.5192,1
5.522,1
5.5248,1
5.5276,1
5.5304,1
5.5332,1
5.536,1
5.5388,1
5.5416,1
5.5444,1
5.5472,1
5.55,1
5.5528,1
5.5556,1
5.5584,1
5.5612,1
5.564,1
5.5668,1
5.5696,1
5.5724,1
5.5752,1
5.578,1
5.5808,1
5.5836,1
5.5864,1
5.5892,1
5.592,1
5.5948,1
5.5976,1
5.6004,1
5.6032,1
5.606,1
5.6088,1
5.6116,1
5.6144,1
5.6172,1
5.62,1
5.6228,1
5.6256,1
5.6284,1
5.6312,1
5.634,1
5.6368,1
5.6396,1
5.6424,1
5.6452,1
5.648,1
5.6508,1
5.6536,1
5.6564,1
5.6592,1
5.662,1
5.6648,1
5.6676,1
5.6704,1
5.6732,1
5.676,1
5.6788,1
5.6816,1
5.6844,1
5.6872,1
5.69,1
5.6928,1
5.6956,1
5.6984,1
5.7012,1
5.704,1
5.7068,1
5.7096,1
5.7124,1
5.7152,1
5.718,1
5.7208,1
5.7236,1
5.7264,1
5.7292,1
5.732,1
5.7348,1
5.7376,1
5.7404,1
5.7432,1
5.746,1
5.7488,1
5.7516,1
5.7544,1
5.7572,1
5.76,1
5.7628,1
5.7656,1
5.7684,1
5.7712,1
5.774,1
5.7768,1
5.7796,1
5.7824,1
5.7852,1
5.788,1
5.7908,1
5.7936,1
5.7964,1
5.7992,1
5.802,1
5.8048,1
5.8076,1
5.8104,1
5.8132,1
5.816,1
5.8188,1
5.8216,1
5.8244,1
5.8272,1
5.83,1
5.8328,1
5.8356,1
5.8384,1
5.8412,1
5.844,1
5.8468,1
5.8496,1
5.8524,1
5.8552,1
5.858,1
5.8608,1
5.8636,1
5.8664,1
5.8692,1
5.872,1
5.8748,1
5.8776,1
5.8804,1
5.8832,1
5.886,1
5.8888,1
5.8916,1
5.8944,1
5.8972,1
5.9,1
5.9028,1
5.9056,1
5.9084,1
5.9112,1
5.914,1
5.9168,1
5.9196,1
5.9224,1
5.9252,1
5.928,1
5.9308,1
5.9336,1
5.9364,1
5.9392,1
5.942,1
5.9448,1
5.9476,1
5.9504,1
5.9532,1
5.956,1
5.9588,1
5.9616,1
5.9644,1
5.9672,1
5.97,1
5.9728,1
5.9756,1
5.9784,1
5.9812,1
5.984,1
5.9868,1
5.9896,1
5.9924,1
5.9952,1
5.998,1
6.0008,1
6.0036,1
6.0064,1
6.0092,1
6.012,1
6.0148,1
6.0176,1
6.0204,1
6.0232,1
6.026,1
6.0288,1
6.0316,1
6.0344,1
6.0372,1
6.04,1
6.0428,1
6.0456,1
6.0484,1
6.0512,1
6.054,1
6.0568,1
6.0596,1
6.0624,1
6.0652,1
6.068,1
6.0708,1
6.0736,1
6.0764,1
6.0792,1
6.082,1
6.0848,1
6.0876,1
6.0904,1
6.0932,1
6.096,1
6.0988,1
6.1016,1
6.1044,1
6.1072,1
6.11,1
6.1128,1
6.1156,1
6.1184,1
6.1212,1
6.124,1
6.1268,1
6.1296,1
6.1324,1
6.1352,1
6.138,1
6.1408,1
6.1436,1
6.1464,1
6.1492,1
6.152,1
6.1548,1
6.1576,1
6.1604,1
6.1632,1
6.166,1
6.1688,1
6.1716,1
6.1744,1
6.1772,1
6.18,1
6.1828,1
6.1856,1
6.1884,1
6.1912,1
6.194,1
6.1968,1
6.1996,1
6.2024,1
6.2052,1
6.208,1
6.2108,1
6.2136,1
6.2164,1
6.2192,1
6.222,1
6.2248,1
6.2276,1
6.2304,1
6.2332,1
6.236,1
6.2388,1
6.2416,1
6.2444,1
6.2472,1
6.25,1
6.2528,1
6.2556,1
6.2584,1
6.2612,1
6.264,1
6.2668,1
6.2696,1
6.2724,1
6.2752,1
6.278,1
6.2808,1
6.2836,1
6.2864,1
6.2892,1
6.292,1
6.2948,1
6.2976,1
6.3004,1
6.3032,1
6.306,1
6.3088,1
6.3116,1
6.3144,1
6.3172,1
6.32,1
6.3228,1
6.3256,1
6.3284,1
6.3312,1
6.334,1
6.3368,1
6.3396,1
6.3424,1
6.3452,1
6.348,1
6.3508,1
6.3536,1
6.3564,1
6.3592,1
6.362,1
6.3648,1
6.3676,1
6.3704,1
6.3732,1
6.376,1
6.3788,1
6.3816,1
6.3844,1
6.3872,1
6.39,1
6.3928,1
6.3956,1
6.3984,1
6.4012,1
6.404,1
6.4068,1
6.4096,1
6.4124,1
6.4152,1
6.418,1
6.4208,1
6.4236,1
6.4264,1
6.4292,1
6.432,1
6.4348,1
6.4376,1
6.4404,1
6.4432,1
6.446,1
6.4488,1
6.4516,1
6.4544,1
6.4572,1
6.46,1
6.4628,1
6.4656,1
6.4684,1
6.4712,1
6.474,1
6.4768,1
6.4796,1
6.4824,1
6.4852,1
6.488,1
6.4908,1
6.4936,1
6.4964,1
6.4992,1
6.502,1
6.5048,1
6.5076,1
6.5104,1
6.5132,1
6.516,1
6.5188,1
6.5216,1
6.5244,1
6.5272,1
6.53,1
6.5328,1
6.5356,1
6.5384,1
6.5412,1
6.544,1
6.5468,1
6.5496,1
6.5524,1
6.5552,1
6.558,1
6.5608,1
6.5636,1
6.5664,1
6.5692,1
6.572,1
6.5748,1
6.5776,1
6.5804,1
6.5832,1
6.586,1
6.5888,1
6.5916,1
6.5944,1
6.5972,1
6.6,1
6.6028,1
6.6056,1
6.6084,1
6.6112,1
6.614,1
6.6168,1
6.6196,1
6.6224,1
6.6252,1
6.628,1
6.6308,1
6.6336,1
6.6364,1
6.6392,1
6.642,1
6.6448,1
6.6476,1
6.6504,1
6.6532,1
6.656,1
6.6588,1
6.6616,1
6.6644,1
6.6672,1
6.67,1
6.6728,1
6.6756,1
6.6784,1
6.6812,1
6.684,1
6.6868,1
6.6896,1
6.6924,1
6.6952,1
6.698,1
6.7008,1
6.7036,1
6.7064,1
6.7092,1
6.712,1
6.7148,1
6.7176,1
6.7204,1
6.7232,1
6.726,1
6.7288,1
6.7316,1
6.7344,1
6.7372,1
6.74,1
6.7428,1
6.7456,1
6.7484,1
6.7512,1
6.754,1
6.7568,1
6.7596,1
6.7624,1
6.7652,1
6.768,1
6.7708,1
6.7736,1
6.7764,1
6.7792,1
6.782,1
6.7848,1
6.7876,1
6.7904,1
6.7932,1
6.796,1
6.7988,1
6.8016,1
6.8044,1
6.8072,1
6.81,1
6.8128,1
6.8156,1
6.8184,1
6.8212,1
6.824,1
6.8268,1
6.8296,1
6.8324,1
6.8352,1
6.838,1
6.8408,1
6.8436,1
6.8464,1
6.8492,1
6.852,1
6.8548,1
6.8576,1
6.8604,1
6.8632,1
6.866,1
6.8688,1
6.8716,1
6.8744,1
6.8772,1
6.88,1
6.8828,1
6.8856,1
6.8884,1
6.8912,1
6.894,1
6.8968,1
6.8996,1
6.9024,1
6.9052,1
6.908,1
6.9108,1
6.9136,1
6.9164,1
6.9192,1
6.922,1
6.9248,1
6.9276,1
6.9304,1
6.9332,1
6.936,1
6.9388,1
6.9416,1
6.9444,1
6.9472,1
6.95,1
6.9528,1
6.9556,1
6.9584,1
6.9612,1
6.964,1
6.9668,1
6.9696,1
6.9724,1
6.9752,1
6.978,1
6.9808,1
6.9836,1
6.9864,1
6.9892,1
6.992,1
6.9948,1
6.9976,1
7.0004,1
7.0032,1
7.006,1
7.0088,1
7.0116,1
7.0144,1
7.0172,1
7.02,1
7.0228,1
7.0256,1
7.0284,1
7.0312,1
7.034,1
7.0368,1
7.0396,1
7.0424,1
7.0452,1
7.048,1
7.0508,1
7.0536,1
7.0564,1
7.0592,1
7.062,1
7.0648,1
7.0676,1
7.0704,1
7.0732,1
7.076,1
7.0788,1
7.0816,1
7.0844,1
7.0872,1
7.09,1
7.0928,1
7.0956,1
7.0984,1
7.1012,1
7.104,1
7.1068,1
7.1096,1
7.1124,1
7.1152,1
7.118,1
7.1208,1
7.1236,1
7.1264,1
7.1292,1
7.132,1
7.1348,1
7.1376,1
7.1404,1
7.1432,1
7.146,1
7.1488,1
7.1516,1
7.1544,1
7.1572,1
7.16,1
7.1628,1
7.1656,1
7.1684,1
7.1712,1
7.174,1
7.1768,1
7.1796,1
7.1824,1
7.1852,1
7.188,1
7.1908,1
7.1936,1
7.1964,1
7.1992,1
7.202,1
7.2048,1
7.2076,1
7.2104,1
7.2132,1
7.216,1
7.2188,1
7.2216,1
7.2244,1
7.2272,1
7.23,1
7.2328,1
7.2356,1
7.2384,1
7.2412,1
7.244,1
7.2468,1
7.2496,1
7.2524,1
7.2552,1
7.258,1
7.2608,1
7.2636,1
7.2664,1
7.2692,1
7.272,1
7.2748,1
7.2776,1
7.2804,1
7.2832,1
7.286,1
7.2888,1
7.2916,1
7.2944,1
7.2972,1
7.3,1
7.3028,1
7.3056,1
7.3084,1
7.3112,1
7.314,1
7.3168,1
7.3196,1
7.3224,1
7.3252,1
7.328,1
7.3308,1
7.3336,1
7.3364,1
7.3392,1
7.342,1
7.3448,1
7.3476,1
7.3504,1
7.3532,1
7.356,1
7.3588,1
7.3616,1
7.3644,1
7.3672,1
7.37,1
7.3728,1
7.3756,1
7.3784,1
7.3812,1
7.384,1
7.3868,1
7.3896,1
7.3924,1
7.3952,1
7.398,1
7.4008,1
7.4036,1
7.4064,1
7.4092,1
7.412,1
7.4148,1
7.4176,1
7.4204,1
7.4232,1
7.426,1
7.4288,1
7.4316,1
7.4344,1
7.4372,1
7.44,1
7.4428,1
7.4456,1
7.4484,1
7.4512,1
7.454,1
7.4568,1
7.4596,1
7.4624,1
7.4652,1
7.468,1
7.4708,1
7.4736,1
7.4764,1
7.4792,1
7.482,1
7.4848,1
7.4876,1
7.4904,1
7.4932,1
7.496,1
7.4988,1
7.5016,1
7.5044,1
7.5072,1
7.51,1
7.5128,1
7.5156,1
7.5184,1
7.5212,1
7.524,1
7.5268,1
7.5296,1
7.5324,1
7.5352,1
7.538,1
7.5408,1
7.5436,1
7.5464,1
7.5492,1
7.552,1
7.5548,1
7.5576,1
7.5604,1
7.5632,1
7.566,1
7.5688,1
7.5716,1
7.5744,1
7.5772,1
7.58,1
7.5828,1
7.5856,1
7.5884,1
7.5912,1
7.594,1
7.5968,1
7.5996,1
7.6024,1
7.6052,1
7.608,1
7.6108,1
7.6136,1
7.6164,1
7.6192,1
7.622,1
7.6248,1
7.6276,1
7.6304,1
7.6332,1
7.636,1
7.6388,1
7.6416,1
7.6444,1
7.6472,1
7.65,1
7.6528,1
7.6556,1
7.6584,1
7.6612,1
7.664,1
7.6668,1
7.6696,1
7.6724,1
7.6752,1
7.678,1
7.6808,1
7.6836,1
7.6864,1
7.6892,1
7.692,1
7.6948,1
7.6976,1
7.7004,1
7.7032,1
7.706,1
7.7088,1
7.7116,1
7.7144,1
7.7172,1
7.72,1
7.7228,1
7.7256,1
7.7284,1
7.7312,1
7.734,1
7.7368,1
7.7396,1
7.7424,1
7.7452,1
7.748,1
7.7508,1
7.7536,1
7.7564,1
7.7592,1
7.762,1
7.7648,1
7.7676,1
7.7704,1
7.7732,1
7.776,1
7.7788,1
7.7816,1
7.7844,1
7.7872,1
7.79,1
7.7928,1
7.7956,1
7.7984,1
7.8012,1
7.804,1
7.8068,1
7.8096,1
7.8124,1
7.8152,1
7.818,1
7.8208,1
7.8236,1
7.8264,1
7.8292,1
7.832,1
7.8348,1
7.8376,1
7.8404,1
7.8432,1
7.846,1
7.8488,1
7.8516,1
7.8544,1
7.8572,1
7.86,1
7.8628,1
7.8656,1
7.8684,1
7.8712,1
7.874,1
7.8768,1
7.8796,1
7.8824,1
7.8852,1
7.888,1
7.8908,1
7.8936,1
7.8964,1
7.8992,1
7.902,1
7.9048,1
7.9076,1
7.9104,1
7.9132,1
7.916,1
7.9188,1
7.9216,1
7.9244,1
7.9272,1
7.93,1
7.9328,1
7.9356,1
7.9384,1
7.9412,1
7.944,1
7.9468,1
7.9496,1
7.9524,1
7.9552,1
7.958,1
7.9608,1
7.9636,1
7.9664,1
7.9692,1
7.972,1
7.9748,1
7.9776,1
7.9804,1
7.9832,1
7.986,1
7.9888,1
7.9916,1
7.9944,1
7.9972,1
8,1
8.0028,1
8.0056,1
8.0084,1
8.0112,1
8.014,1
8.0168,1
8.0196,1
8.0224,1
8.0252,1
8.028,1
8.0308,1
8.0336,1
8.0364,1
8.0392,1
8.042,1
8.0448,1
8.0476,1
8.0504,1
8.0532,1
8.056,1
8.0588,1
8.0616,1
8.0644,1
8.0672,1
8.07,1
8.0728,1
8.0756,1
8.0784,1
8.0812,1
8.084,1
8.0868,1
8.0896,1
8.0924,1
8.0952,1
8.098,1
8.1008,1
8.1036,1
8.1064,1
8.1092,1
8.112,1
8.1148,1
8.1176,1
8.1204,1
8.1232,1
8.126,1
8.1288,1
8.1316,1
8.1344,1
8.1372,1
8.14,1
8.1428,1
8.1456,1
8.1484,1
8.1512,1
8.154,1
8.1568,1
8.1596,1
8.1624,1
8.1652,1
8.168,1
8.1708,1
8.1736,1
8.1764,1
8.1792,1
8.182,1
8.1848,1
8.1876,1
8.1904,1
8.1932,1
8.196,1
8.1988,1
8.2016,1
8.2044,1
8.2072,1
8.21,1
8.2128,1
8.2156,1
8.2184,1
8.2212,1
8.224,1
8.2268,1
8.2296,1
8.2324,1
8.2352,1
8.238,1
8.2408,1
8.2436,1
8.2464,1
8.2492,1
8.252,1
8.2548,1
8.2576,1
8.2604,1
8.2632,1
8.266,1
8.2688,1
8.2716,1
8.2744,1
8.2772,1
8.28,1
8.2828,1
8.2856,1
8.2884,1
8.2912,1
8.294,1
8.2968,1
8.2996,1
8.3024,1
8.3052,1
8.308,1
8.3108,1
8.3136,1
8.3164,1
8.3192,1
8.322,1
8.3248,1
8.3276,1
8.3304,1
8.3332,1
8.336,1
8.3388,1
8.3416,1
8.3444,1
8.3472,1
8.35,1
8.3528,1
8.3556,1
8.3584,1
8.3612,1
8.364,1
8.3668,1
8.3696,1
8.3724,1
8.3752,1
8.378,1
8.3808,1
8.3836,1
8.3864,1
8.3892,1
8.392,1
8.3948,1
8.3976,1
8.4004,1
8.4032,1
8.406,1
8.4088,1
8.4116,1
8.4144,1
8.4172,1
8.42,1
8.4228,1
8.4256,1
8.4284,1
8.4312,1
8.434,1
8.4368,1
8.4396,1
8.4424,1
8.4452,1
8.448,1
8.4508,1
8.4536,1
8.4564,1
8.4592,1
8.462,1
8.4648,1
8.4676,1
8.4704,1
8.4732,1
8.476,1
8.4788,1
8.4816,1
8.4844,1
8.4872,1
8.49,1
8.4928,1
8.4956,1
8.4984,1
8.5012,1
8.504,1
8.5068,1
8.5096,1
8.5124,1
8.5152,1
8.518,1
8.5208,1
8.5236,1
8.5264,1
8.5292,1
8.532,1
8.5348,1
8.5376,1
8.5404,1
8.5432,1
8.546,1
8.5488,1
8.5516,1
8.5544,1
8.5572,1
8.56,1
8.5628,1
8.5656,1
8.5684,1
8.5712,1
8.574,1
8.5768,1
8.5796,1
8.5824,1
8.5852,1
8.588,1
8.5908,1
8.5936,1
8.5964,1
8.5992,1
8.602,1
8.6048,1
8.6076,1
8.6104,1
8.6132,1
8.616,1
8.6188,1
8.6216,1
8.6244,1
8.6272,1
8.63,1
8.6328,1
8.6356,1
8.6384,1
8.6412,1
8.644,1
8.6468,1
8.6496,1
8.6524,1
8.6552,1
8.658,1
8.6608,1
8.6636,1
8.6664,1
8.6692,1
8.672,1
8.6748,1
8.6776,1
8.6804,1
8.6832,1
8.686,1
8.6888,1
8.6916,1
8.6944,1
8.6972,1
8.7,1
8.7028,1
8.7056,1
8.7084,1
8.7112,1
8.714,1
8.7168,1
8.7196,1
8.7224,1
8.7252,1
8.728,1
8.7308,1
8.7336,1
8.7364,1
8.7392,1
8.742,1
8.7448,1
8.7476,1
8.7504,1
8.7532,1
8.756,1
8.7588,1
8.7616,1
8.7644,1
8.7672,1
8.77,1
8.7728,1
8.7756,1
8.7784,1
8.7812,1
8.784,1
8.7868,1
8.7896,1
8.7924,1
8.7952,1
8.798,1
8.8008,1
8.8036,1
8.8064,1
8.8092,1
8.812,1
8.8148,1
8.8176,1
8.8204,1
8.8232,1
8.826,1
8.8288,1
8.8316,1
8.8344,1
8.8372,1
8.84,1
8.8428,1
8.8456,1
8.8484,1
8.8512,1
8.854,1
8.8568,1
8.8596,1
8.8624,1
8.8652,1
8.868,1
8.8708,1
8.8736,1
8.8764,1
8.8792,1
8.882,1
8.8848,1
8.8876,1
8.8904,1
8.8932,1
8.896,1
8.8988,1
8.9016,1
8.9044,1
8.9072,1
8.91,1
8.9128,1
8.9156,1
8.9184,1
8.9212,1
8.924,1
8.9268,1
8.9296,1
8.9324,1
8.9352,1
8.938,1
8.9408,1
8.9436,1
8.9464,1
8.9492,1
8.952,1
8.9548,1
8.9576,1
8.9604,1
8.9632,1
8.966,1
8.9688,1
8.9716,1
8.9744,1
8.9772,1
8.98,1
8.9828,1
8.9856,1
8.9884,1
8.9912,1
8.994,1
8.9968,1
8.9996,1
9.0024,1
9.0052,1
9.008,1
9.0108,1
9.0136,1
9.0164,1
9.0192,1
9.022,1
9.0248,1
9.0276,1
9.0304,1
9.0332,1
9.036,1
9.0388,1
9.0416,1
9.0444,1
9.0472,1
9.05,1
9.0528,1
9.0556,1
9.0584,1
9.0612,1
9.064,1
9.0668,1
9.0696,1
9.0724,1
9.0752,1
9.078,1
9.0808,1
9.0836,1
9.0864,1
9.0892,1
9.092,1
9.0948,1
9.0976,1
9.1004,1
9.1032,1
9.106,1
9.1088,1
9.1116,1
9.1144,1
9.1172,1
9.12,1
9.1228,1
9.1256,1
9.1284,1
9.1312,1
9.134,1
9.1368,1
9.1396,1
9.1424,1
9.1452,1
9.148,1
9.1508,1
9.1536,1
9.1564,1
9.1592,1
9.162,1
9.1648,1
9.1676,1
9.1704,1
9.1732,1
9.176,1
9.1788,1
9.1816,1
9.1844,1
9.1872,1
9.19,1
9.1928,1
9.1956,1
9.1984,1
9.2012,1
9.204,1
9.2068,1
9.2096,1
9.2124,1
9.2152,1
9.218,1
9.2208,1
9.2236,1
9.2264,1
9.2292,1
9.232,1
9.2348,1
9.2376,1
9.2404,1
9.2432,1
9.246,1
9.2488,1
9.2516,1
9.2544,1
9.2572,1
9.26,1
9.2628,1
9.2656,1
9.2684,1
9.2712,1
9.274,1
9.2768,1
9.2796,1
9.2824,1
9.2852,1
9.288,1
9.2908,1
9.2936,1
9.2964,1
9.2992,1
9.302,1
9.3048,1
9.3076,1
9.3104,1
9.3132,1
9.316,1
9.3188,1
9.3216,1
9.3244,1
9.3272,1
9.33,1
9.3328,1
9.3356,1
9.3384,1
9.3412,1
9.344,1
9.3468,1
9.3496,1
9.3524,1
9.3552,1
9.358,1
9.3608,1
9.3636,1
9.3664,1
9.3692,1
9.372,1
9.3748,1
9.3776,1
9.3804,1
9.3832,1
9.386,1
9.3888,1
9.3916,1
9.3944,1
9.3972,1
9.4,1
9.4028,1
9.4056,1
9.4084,1
9.4112,1
9.414,1
9.4168,1
9.4196,1
9.4224,1
9.4252,1
9.428,1
9.4308,1
9.4336,1
9.4364,1
9.4392,1
9.442,1
9.4448,1
9.4476,1
9.4504,1
9.4532,1
9.456,1
9.4588,1
9.4616,1
9.4644,1
9.4672,1
9.47,1
9.4728,1
9.4756,1
9.4784,1
9.4812,1
9.484,1
9.4868,1
9.4896,1
9.4924,1
9.4952,1
9.498,1
9.5008,1
9.5036,1
9.5064,1
9.5092,1
9.512,1
9.5148,1
9.5176,1
9.5204,1
9.5232,1
9.526,1
9.5288,1
9.5316,1
9.5344,1
9.5372,1
9.54,1
9.5428,1
9.5456,1
9.5484,1
9.5512,1
9.554,1
9.5568,1
9.5596,1
9.5624,1
9.5652,1
9.568,1
9.5708,1
9.5736,1
9.5764,1
9.5792,1
9.582,1
9.5848,1
9.5876,1
9.5904,1
9.5932,1
9.596,1
9.5988,1
9.6016,1
9.6044,1
9.6072,1
9.61,1
9.6128,1
9.6156,1
9.6184,1
9.6212,1
9.624,1
9.6268,1
9.6296,1
9.6324,1
9.6352,1
9.638,1
9.6408,1
9.6436,1
9.6464,1
9.6492,1
9.652,1
9.6548,1
9.6576,1
9.6604,1
9.6632,1
9.666,1
9.6688,1
9.6716,1
9.6744,1
9.6772,1
9.68,1
9.6828,1
9.6856,1
9.6884,1
9.6912,1
9.694,1
9.6968,1
9.6996,1
9.7024,1
9.7052,1
9.708,1
9.7108,1
9.7136,1
9.7164,1
9.7192,1
9.722,1
9.7248,1
9.7276,1
9.7304,1
9.7332,1
9.736,1
9.7388,1
9.7416,1
9.7444,1
9.7472,1
9.75,1
9.7528,1
9.7556,1
9.7584,1
9.7612,1
9.764,1
9.7668,1
9.7696,1
9.7724,1
9.7752,1
9.778,1
9.7808,1
9.7836,1
9.7864,1
9.7892,1
9.792,1
9.7948,1
9.7976,1
9.8004,1
9.8032,1
9.806,1
9.8088,1
9.8116,1
9.8144,1
9.8172,1
9.82,1
9.8228,1
9.8256,1
9.8284,1
9.8312,1
9.834,1
9.8368,1
9.8396,1
9.8424,1
9.8452,1
9.848,1
9.8508,1
9.8536,1
9.8564,1
9.8592,1
9.862,1
9.8648,1
9.8676,1
9.8704,1
9.8732,1
9.876,1
9.8788,1
9.8816,1
9.8844,1
9.8872,1
9.89,1
9.8928,1
9.8956,1
9.8984,1
9.9012,1
9.904,1
9.9068,1
9.9096,1
9.9124,1
9.9152,1
9.918,1
9.9208,1
9.9236,1
9.9264,1
9.9292,1
9.932,1
9.9348,1
9.9376,1
9.9404,1
9.9432,1
9.946,1
9.9488,1
9.9516,1
9.9544,1
9.9572,1
9.96,1
9.9628,1
9.9656,1
9.9684,1
9.9712,1
9.974,1
9.9768,1
9.9796,1
9.9824,1
9.9852,1
9.988,1
9.9908,1
9.9936,1
9.9964,1
9.9992,1
10.002,1
10.0048,1
10.0076,1
10.0104,1
10.0132,1
10.016,1
10.0188,1
10.0216,1
10.0244,1
10.0272,1
10.03,1
10.0328,1
10.0356,1
10.0384,1
10.0412,1
10.044,1
10.0468,1
10.0496,1
10.0524,1
10.0552,1
10.058,1
10.0608,1
10.0636,1
10.0664,1
10.0692,1
10.072,1
10.0748,1
10.0776,1
10.0804,1
10.0832,1
10.086,1
10.0888,1
10.0916,1
10.0944,1
10.0972,1
10.1,1
10.1028,1
10.1056,1
10.1084,1
10.1112,1
10.114,1
10.1168,1
10.1196,1
10.1224,1
10.1252,1
10.128,1
10.1308,1
10.1336,1
10.1364,1
10.1392,1
10.142,1
10.1448,1
10.1476,1
10.1504,1
10.1532,1
10.156,1
10.1588,1
10.1616,1
10.1644,1
10.1672,1
10.17,1
10.1728,1
10.1756,1
10.1784,1
10.1812,1
10.184,1
10.1868,1
10.1896,1
10.1924,1
10.1952,1
10.198,1
10.2008,1
10.2036,1
10.2064,1
10.2092,1
10.212,1
10.2148,1
10.2176,1
10.2204,1
10.2232,1
10.226,1
10.2288,1
10.2316,1
10.2344,1
10.2372,1
10.24,1
10.2428,1
10.2456,1
10.2484,1
10.2512,1
10.254,1
10.2568,1
10.2596,1
10.2624,1
10.2652,1
10.268,1
10.2708,1
10.2736,1
10.2764,1
10.2792,1
10.282,1
10.2848,1
10.2876,1
10.2904,1
10.2932,1
10.296,1
10.2988,1
10.3016,1
10.3044,1
10.3072,1
10.31,1
10.3128,1
10.3156,1
10.3184,1
10.3212,1
10.324,1
10.3268,1
10.3296,1
10.3324,1
10.3352,1
10.338,1
10.3408,1
10.3436,1
10.3464,1
10.3492,1
10.352,1
10.3548,1
10.3576,1
10.3604,1
10.3632,1
10.366,1
10.3688,1
10.3716,1
10.3744,1
10.3772,1
10.38,1
10.3828,1
10.3856,1
10.3884,1
10.3912,1
10.394,1
10.3968,1
10.3996,1
10.4024,1
10.4052,1
10.408,1
10.4108,1
10.4136,1
10.4164,1
10.4192,1
10.422,1
10.4248,1
10.4276,1
10.4304,1
10.4332,1
10.436,1
10.4388,1
10.4416,1
10.4444,1
10.4472,1
10.45,1
10.4528,1
10.4556,1
10.4584,1
10.4612,1
10.464,1
10.4668,1
10.4696,1
10.4724,1
10.4752,1
10.478,1
10.4808,1
10.4836,1
10.4864,1
10.4892,1
10.492,1
10.4948,1
10.4976,1
10.5004,1
10.5032,1
10.506,1
10.5088,1
10.5116,1
10.5144,1
10.5172,1
10.52,1
10.5228,1
10.5256,1
10.5284,1
10.5312,1
10.534,1
10.5368,1
10.5396,1
10.5424,1
10.5452,1
10.548,1
10.5508,1
10.5536,1
10.5564,1
10.5592,1
10.562,1
10.5648,1
10.5676,1
10.5704,1
10.5732,1
10.576,1
10.5788,1
10.5816,1
10.5844,1
10.5872,1
10.59,1
10.5928,1
10.5956,1
10.5984,1
10.6012,1
10.604,1
10.6068,1
10.6096,1
10.6124,1
10.6152,1
10.618,1
10.6208,1
10.6236,1
10.6264,1
10.6292,1
10.632,1
10.6348,1
10.6376,1
10.6404,1
10.6432,1
10.646,1
10.6488,1
10.6516,1
10.6544,1
10.6572,1
10.66,1
10.6628,1
10.6656,1
10.6684,1
10.6712,1
10.674,1
10.6768,1
10.6796,1
10.6824,1
10.6852,1
10.688,1
10.6908,1
10.6936,1
10.6964,1
10.6992,1
10.702,1
10.7048,1
10.7076,1
10.7104,1
10.7132,1
10.716,1
10.7188,1
10.7216,1
10.7244,1
10.7272,1
10.73,1
10.7328,1
10.7356,1
10.7384,1
10.7412,1
10.744,1
10.7468,1
10.7496,1
10.7524,1
10.7552,1
10.758,1
10.7608,1
10.7636,1
10.7664,1
10.7692,1
10.772,1
10.7748,1
10.7776,1
10.7804,1
10.7832,1
10.786,1
10.7888,1
10.7916,1
10.7944,1
10.7972,1
10.8,1
10.8028,1
10.8056,1
10.8084,1
10.8112,1
10.814,1
10.8168,1
10.8196,1
10.8224,1
10.8252,1
10.828,1
10.8308,1
10.8336,1
10.8364,1
10.8392,1
10.842,1
10.8448,1
10.8476,1
10.8504,1
10.8532,1
10.856,1
10.8588,1
10.8616,1
10.8644,1
10.8672,1
10.87,1
10.8728,1
10.8756,1
10.8784,1
10.8812,1
10.884,1
10.8868,1
10.8896,1
10.8924,1
10.8952,1
10.898,1
10.9008,1
10.9036,1
10.9064,1
10.9092,1
10.912,1
10.9148,1
10.9176,1
10.9204,1
10.9232,1
10.926,1
10.9288,1
10.9316,1
10.9344,1
10.9372,1
10.94,1
10.9428,1
10.9456,1
10.9484,1
10.9512,1
10.954,1
10.9568,1
10.9596,1
10.9624,1
10.9652,1
10.968,1
10.9708,1
10.9736,1
10.9764,1
10.9792,1
10.982,1
10.9848,1
10.9876,1
10.9904,1
10.9932,1
10.996,1
10.9988,1
11.0016,1
11.0044,1
11.0072,1
11.01,1
11.0128,1
11.0156,1
11.0184,1
11.0212,1
11.024,1
11.0268,1
11.0296,1
11.0324,1
11.0352,1
11.038,1
11.0408,1
11.0436,1
11.0464,1
11.0492,1
11.052,1
11.0548,1
11.0576,1
11.0604,1
11.0632,1
11.066,1
11.0688,1
11.0716,1
11.0744,1
11.0772,1
11.08,1
11.0828,1
11.0856,1
11.0884,1
11.0912,1
11.094,1
11.0968,1
11.0996,1
11.1024,1
11.1052,1
11.108,1
11.1108,1
11.1136,1
11.1164,1
11.1192,1
11.122,1
11.1248,1
11.1276,1
11.1304,1
11.1332,1
11.136,1
11.1388,1
11.1416,1
11.1444,1
11.1472,1
11.15,1
11.1528,1
11.1556,1
11.1584,1
11.1612,1
11.164,1
11.1668,1
11.1696,1
11.1724,1
11.1752,1
11.178,1
11.1808,1
11.1836,1
11.1864,1
11.1892,1
11.192,1
11.1948,1
11.1976,1
11.2004,1
11.2032,1
11.206,1
11.2088,1
11.2116,1
11.2144,1
11.2172,1
11.22,1
11.2228,1
11.2256,1
11.2284,1
11.2312,1
11.234,1
11.2368,1
11.2396,1
11.2424,1
11.2452,1
11.248,1
11.2508,1
11.2536,1
11.2564,1
11.2592,1
11.262,1
11.2648,1
11.2676,1
11.2704,1
11.2732,1
11.276,1
11.2788,1
11.2816,1
11.2844,1
11.2872,1
11.29,1
11.2928,1
11.2956,1
11.2984,1
11.3012,1
11.304,1
11.3068,1
11.3096,1
11.3124,1
11.3152,1
11.318,1
11.3208,1
11.3236,1
11.3264,1
11.3292,1
11.332,1
11.3348,1
11.3376,1
11.3404,1
11.3432,1
11.346,1
11.3488,1
11.3516,1
11.3544,1
11.3572,1
11.36,1
11.3628,1
11.3656,1
11.3684,1
11.3712,1
11.374,1
11.3768,1
11.3796,1
11.3824,1
11.3852,1
11.388,1
11.3908,1
11.3936,1
11.3964,1
11.3992,1
11.402,1
11.4048,1
11.4076,1
11.4104,1
11.4132,1
11.416,1
11.4188,1
11.4216,1
11.4244,1
11.4272,1
11.43,1
11.4328,1
11.4356,1
11.4384,1
11.4412,1
11.444,1
11.4468,1
11.4496,1
11.4524,1
11.4552,1
11.458,1
11.4608,1
11.4636,1
11.4664,1
11.4692,1
11.472,1
11.4748,1
11.4776,1
11.4804,1
11.4832,1
11.486,1
11.4888,1
11.4916,1
11.4944,1
11.4972,1
11.5,1
11.5028,1
11.5056,1
11.5084,1
11.5112,1
11.514,1
11.5168,1
11.5196,1
11.5224,1
11.5252,1
11.528,1
11.5308,1
11.5336,1
11.5364,1
11.5392,1
11.542,1
11.5448,1
11.5476,1
11.5504,1
11.5532,1
11.556,1
11.5588,1
11.5616,1
11.5644,1
11.5672,1
11.57,1
11.5728,1
11.5756,1
11.5784,1
11.5812,1
11.584,1
11.5868,1
11.5896,1
11.5924,1
11.5952,1
11.598,1
11.6008,1
11.6036,1
11.6064,1
11.6092,1
11.612,1
11.6148,1
11.6176,1
11.6204,1
11.6232,1
11.626,1
11.6288,1
11.6316,1
11.6344,1
11.6372,1
11.64,1
11.6428,1
11.6456,1
11.6484,1
11.6512,1
11.654,1
11.6568,1
11.6596,1
11.6624,1
11.6652,1
11.668,1
11.6708,1
11.6736,1
11.6764,1
11.6792,1
11.682,1
11.6848,1
11.6876,1
11.6904,1
11.6932,1
11.696,1
11.6988,1
11.7016,1
11.7044,1
11.7072,1
11.71,1
11.7128,1
11.7156,1
11.7184,1
11.7212,1
11.724,1
11.7268,1
11.7296,1
11.7324,1
11.7352,1
11.738,1
11.7408,1
11.7436,1
11.7464,1
11.7492,1
11.752,1
11.7548,1
11.7576,1
11.7604,1
11.7632,1
11.766,1
11.7688,1
11.7716,1
11.7744,1
11.7772,1
11.78,1
11.7828,1
11.7856,1
11.7884,1
11.7912,1
11.794,1
11.7968,1
11.7996,1
11.8024,1
11.8052,1
11.808,1
11.8108,1
11.8136,1
11.8164,1
11.8192,1
11.822,1
11.8248,1
11.8276,1
11.8304,1
11.8332,1
11.836,1
11.8388,1
11.8416,1
11.8444,1
11.8472,1
11.85,1
11.8528,1
11.8556,1
11.8584,1
11.8612,1
11.864,1
11.8668,1
11.8696,1
11.8724,1
11.8752,1
11.878,1
11.8808,1
11.8836,1
11.8864,1
11.8892,1
11.892,1
11.8948,1
11.8976,1
11.9004,1
11.9032,1
11.906,1
11.9088,1
11.9116,1
11.9144,1
11.9172,1
11.92,1
11.9228,1
11.9256,1
11.9284,1
11.9312,1
11.934,1
11.9368,1
11.9396,1
11.9424,1
11.9452,1
11.948,1
11.9508,1
11.9536,1
11.9564,1
11.9592,1
11.962,1
11.9648,1
11.9676,1
11.9704,1
11.9732,1
11.976,1
11.9788,1
11.9816,1
11.9844,1
11.9872,1
11.99,1
11.9928,1
11.9956,1
11.9984,1
12.0012,1
12.004,1
12.0068,1
12.0096,1
12.0124,1
12.0152,1
12.018,1
12.0208,1
12.0236,1
12.0264,1
12.0292,1
12.032,1
12.0348,1
12.0376,1
12.0404,1
12.0432,1
12.046,1
12.0488,1
12.0516,1
12.0544,1
12.0572,1
12.06,1
12.0628,1
12.0656,1
12.0684,1
12.0712,1
12.074,1
12.0768,1
12.0796,1
12.0824,1
12.0852,1
12.088,1
12.0908,1
12.0936,1
12.0964,1
12.0992,1
12.102,1
12.1048,1
12.1076,1
12.1104,1
12.1132,1
12.116,1
12.1188,1
12.1216,1
12.1244,1
12.1272,1
12.13,1
12.1328,1
12.1356,1
12.1384,1
12.1412,1
12.144,1
12.1468,1
12.1496,1
12.1524,1
12.1552,1
12.158,1
12.1608,1
12.1636,1
12.1664,1
12.1692,1
12.172,1
12.1748,1
12.1776,1
12.1804,1
12.1832,1
12.186,1
12.1888,1
12.1916,1
12.1944,1
12.1972,1
12.2,1
12.2028,1
12.2056,1
12.2084,1
12.2112,1
12.214,1
12.2168,1
12.2196,1
12.2224,1
12.2252,1
12.228,1
12.2308,1
12.2336,1
12.2364,1
12.2392,1
12.242,1
12.2448,1
12.2476,1
12.2504,1
12.2532,1
12.256,1
12.2588,1
12.2616,1
12.2644,1
12.2672,1
12.27,1
12.2728,1
12.2756,1
12.2784,1
12.2812,1
12.284,1
12.2868,1
12.2896,1
12.2924,1
12.2952,1
12.298,1
12.3008,1
12.3036,1
12.3064,1
12.3092,1
12.312,1
12.3148,1
12.3176,1
12.3204,1
12.3232,1
12.326,1
12.3288,1
12.3316,1
12.3344,1
12.3372,1
12.34,1
12.3428,1
12.3456,1
12.3484,1
12.3512,1
12.354,1
12.3568,1
12.3596,1
12.3624,1
12.3652,1
12.368,1
12.3708,1
12.3736,1
12.3764,1
12.3792,1
12.382,1
12.3848,1
12.3876,1
12.3904,1
12.3932,1
12.396,1
12.3988,1
12.4016,1
12.4044,1
12.4072,1
12.41,1
12.4128,1
12.4156,1
12.4184,1
12.4212,1
12.424,1
12.4268,1
12.4296,1
12.4324,1
12.4352,1
12.438,1
12.4408,1
12.4436,1
12.4464,1
12.4492,1
12.452,1
12.4548,1
12.4576,1
12.4604,1
12.4632,1
12.466,1
12.4688,1
12.4716,1
12.4744,1
12.4772,1
12.48,1
12.4828,1
12.4856,1
12.4884,1
12.4912,1
12.494,1
12.4968,1
12.4996,1
12.5024,1
12.5052,1
12.508,1
12.5108,1
12.5136,1
12.5164,1
12.5192,1
12.522,1
12.5248,1
12.5276,1
12.5304,1
12.5332,1
12.536,1
12.5388,1
12.5416,1
12.5444,1
12.5472,1
12.55,1
12.5528,1
12.5556,1
12.5584,1
12.5612,1
12.564,1
12.5668,1
12.5696,1
12.5724,1
12.5752,1
12.578,1
12.5808,1
12.5836,1
12.5864,1
12.5892,1
12.592,1
12.5948,1
12.5976,1
12.6004,1
12.6032,1
12.606,1
12.6088,1
12.6116,1
12.6144,1
12.6172,1
12.62,1
12.6228,1
12.6256,1
12.6284,1
12.6312,1
12.634,1
12.6368,1
12.6396,1
12.6424,1
12.6452,1
12.648,1
12.6508,1
12.6536,1
12.6564,1
12.6592,1
12.662,1
12.6648,1
12.6676,1
12.6704,1
12.6732,1
12.676,1
12.6788,1
12.6816,1
12.6844,1
12.6872,1
12.69,1
12.6928,1
12.6956,1
12.6984,1
12.7012,1
12.704,1
12.7068,1
12.7096,1
12.7124,1
12.7152,1
12.718,1
12.7208,1
12.7236,1
12.7264,1
12.7292,1
12.732,1
12.7348,1
12.7376,1
12.7404,1
12.7432,1
12.746,1
12.7488,1
12.7516,1
12.7544,1
12.7572,1
12.76,1
12.7628,1
12.7656,1
12.7684,1
12.7712,1
12.774,1
12.7768,1
12.7796,1
12.7824,1
12.7852,1
12.788,1
12.7908,1
12.7936,1
12.7964,1
12.7992,1
12.802,1
12.8048,1
12.8076,1
12.8104,1
12.8132,1
12.816,1
12.8188,1
12.8216,1
12.8244,1
12.8272,1
12.83,1
12.8328,1
12.8356,1
12.8384,1
12.8412,1
12.844,1
12.8468,1
12.8496,1
12.8524,1
12.8552,1
12.858,1
12.8608,1
12.8636,1
12.8664,1
12.8692,1
12.872,1
12.8748,1
12.8776,1
12.8804,1
12.8832,1
12.886,1
12.8888,1
12.8916,1
12.8944,1
12.8972,1
12.9,1
12.9028,1
12.9056,1
12.9084,1
12.9112,1
12.914,1
12.9168,1
12.9196,1
12.9224,1
12.9252,1
12.928,1
12.9308,1
12.9336,1
12.9364,1
12.9392,1
12.942,1
12.9448,1
12.9476,1
12.9504,1
12.9532,1
12.956,1
12.9588,1
12.9616,1
12.9644,1
12.9672,1
12.97,1
12.9728,1
12.9756,1
12.9784,1
12.9812,1
12.984,1
12.9868,1
12.9896,1
12.9924,1
12.9952,1
12.998,1
13.0008,1
13.0036,1
13.0064,1
13.0092,1
13.012,1
13.0148,1
13.0176,1
13.0204,1
13.0232,1
13.026,1
13.0288,1
13.0316,1
13.0344,1
13.0372,1
13.04,1
13.0428,1
13.0456,1
13.0484,1
13.0512,1
13.054,1
13.0568,1
13.0596,1
13.0624,1
13.0652,1
13.068,1
13.0708,1
13.0736,1
13.0764,1
13.0792,1
13.082,1
13.0848,1
13.0876,1
13.0904,1
13.0932,1
13.096,1
13.0988,1
13.1016,1
13.1044,1
13.1072,1
13.11,1
13.1128,1
13.1156,1
13.1184,1
13.1212,1
13.124,1
13.1268,1
13.1296,1
13.1324,1
13.1352,1
13.138,1
13.1408,1
13.1436,1
13.1464,1
13.1492,1
13.152,1
13.1548,1
13.1576,1
13.1604,1
13.1632,1
13.166,1
13.1688,1
13.1716,1
13.1744,1
13.1772,1
13.18,1
13.1828,1
13.1856,1
13.1884,1
13.1912,1
13.194,1
13.1968,1
13.1996,1
13.2024,1
13.2052,1
13.208,1
13.2108,1
13.2136,1
13.2164,1
13.2192,1
13.222,1
13.2248,1
13.2276,1
13.2304,1
13.2332,1
13.236,1
13.2388,1
13.2416,1
13.2444,1
13.2472,1
13.25,1
13.2528,1
13.2556,1
13.2584,1
13.2612,1
13.264,1
13.2668,1
13.2696,1
13.2724,1
13.2752,1
13.278,1
13.2808,1
13.2836,1
13.2864,1
13.2892,1
13.292,1
13.2948,1
13.2976,1
13.3004,1
13.3032,1
13.306,1
13.3088,1
13.3116,1
13.3144,1
13.3172,1
13.32,1
13.3228,1
13.3256,1
13.3284,1
13.3312,1
13.334,1
13.3368,1
13.3396,1
13.3424,1
13.3452,1
13.348,1
13.3508,1
13.3536,1
13.3564,1
13.3592,1
13.362,1
13.3648,1
13.3676,1
13.3704,1
13.3732,1
13.376,1
13.3788,1
13.3816,1
13.3844,1
13.3872,1
13.39,1
13.3928,1
13.3956,1
13.3984,1
13.4012,1
13.404,1
13.4068,1
13.4096,1
13.4124,1
13.4152,1
13.418,1
13.4208,1
13.4236,1
13.4264,1
13.4292,1
13.432,1
13.4348,1
13.4376,1
13.4404,1
13.4432,1
13.446,1
13.4488,1
13.4516,1
13.4544,1
13.4572,1
13.46,1
13.4628,1
13.4656,1
13.4684,1
13.4712,1
13.474,1
13.4768,1
13.4796,1
13.4824,1
13.4852,1
13.488,1
13.4908,1
13.4936,1
13.4964,1
13.4992,1
13.502,1
13.5048,1
13.5076,1
13.5104,1
13.5132,1
13.516,1
13.5188,1
13.5216,1
13.5244,1
13.5272,1
13.53,1
13.5328,1
13.5356,1
13.5384,1
13.5412,1
13.544,1
13.5468,1
13.5496,1
13.5524,1
13.5552,1
13.558,1
13.5608,1
13.5636,1
13.5664,1
13.5692,1
13.572,1
13.5748,1
13.5776,1
13.5804,1
13.5832,1
13.586,1
13.5888,1
13.5916,1
13.5944,1
13.5972,1
13.6,1
13.6028,1
13.6056,1
13.6084,1
13.6112,1
13.614,1
13.6168,1
13.6196,1
13.6224,1
13.6252,1
13.628,1
13.6308,1
13.6336,1
13.6364,1
13.6392,1
13.642,1
13.6448,1
13.6476,1
13.6504,1
13.6532,1
13.656,1
13.6588,1
13.6616,1
13.6644,1
13.6672,1
13.67,1
13.6728,1
13.6756,1
13.6784,1
13.6812,1
13.684,1
13.6868,1
13.6896,1
13.6924,1
13.6952,1
13.698,1
13.7008,1
13.7036,1
13.7064,1
13.7092,1
13.712,1
13.7148,1
13.7176,1
13.7204,1
13.7232,1
13.726,1
13.7288,1
13.7316,1
13.7344,1
13.7372,1
13.74,1
13.7428,1
13.7456,1
13.7484,1
13.7512,1
13.754,1
13.7568,1
13.7596,1
13.7624,1
13.7652,1
13.768,1
13.7708,1
13.7736,1
13.7764,1
13.7792,1
13.782,1
13.7848,1
13.7876,1
13.7904,1
13.7932,1
13.796,1
13.7988,1
13.8016,1
13.8044,1
13.8072,1
13.81,1
13.8128,1
13.8156,1
13.8184,1
13.8212,1
13.824,1
13.8268,1
13.8296,1
13.8324,1
13.8352,1
13.838,1
13.8408,1
13.8436,1
13.8464,1
13.8492,1
13.852,1
13.8548,1
13.8576,1
13.8604,1
13.8632,1
13.866,1
13.8688,1
13.8716,1
13.8744,1
13.8772,1
13.88,1
13.8828,1
13.8856,1
13.8884,1
13.8912,1
13.894,1
13.8968,1
13.8996,1
13.9024,1
13.9052,1
13.908,1
13.9108,1
13.9136,1
13.9164,1
13.9192,1
13.922,1
13.9248,1
13.9276,1
13.9304,1
13.9332,1
13.936,1
13.9388,1
13.9416,1
13.9444,1
13.9472,1
13.95,1
13.9528,1
13.9556,1
13.9584,1
13.9612,1
13.964,1
13.9668,1
13.9696,1
13.9724,1
13.9752,1
13.978,1
13.9808,1
13.9836,1
13.9864,1
13.9892,1
13.992,1
13.9948,1
13.9976,1
14.0004,1
14.0032,1
14.006,1
14.0088,1
14.0116,1
14.0144,1
14.0172,1
14.02,1
14.0228,1
14.0256,1
14.0284,1
14.0312,1
14.034,1
14.0368,1
14.0396,1
14.0424,1
14.0452,1
14.048,1
14.0508,1
14.0536,1
14.0564,1
14.0592,1
14.062,1
14.0648,1
14.0676,1
14.0704,1
14.0732,1
14.076,1
14.0788,1
14.0816,1
14.0844,1
14.0872,1
14.09,1
14.0928,1
14.0956,1
14.0984,1
14.1012,1
14.104,1
14.1068,1
14.1096,1
14.1124,1
14.1152,1
14.118,1
14.1208,1
14.1236,1
14.1264,1
14.1292,1
14.132,1
14.1348,1
14.1376,1
14.1404,1
14.1432,1
14.146,1
14.1488,1
14.1516,1
14.1544,1
14.1572,1
14.16,1
14.1628,1
14.1656,1
14.1684,1
14.1712,1
14.174,1
14.1768,1
14.1796,1
14.1824,1
14.1852,1
14.188,1
14.1908,1
14.1936,1
14.1964,1
14.1992,1
14.202,1
14.2048,1
14.2076,1
14.2104,1
14.2132,1
14.216,1
14.2188,1
14.2216,1
14.2244,1
14.2272,1
14.23,1
14.2328,1
14.2356,1
14.2384,1
14.2412,1
14.244,1
14.2468,1
14.2496,1
14.2524,1
14.2552,1
14.258,1
14.2608,1
14.2636,1
14.2664,1
14.2692,1
14.272,1
14.2748,1
14.2776,1
14.2804,1
14.2832,1
14.286,1
14.2888,1
14.2916,1
14.2944,1
14.2972,1
14.3,1
14.3028,1
14.3056,1
14.3084,1
14.3112,1
14.314,1
14.3168,1
14.3196,1
14.3224,1
14.3252,1
14.328,1
14.3308,1
14.3336,1
14.3364,1
14.3392,1
14.342,1
14.3448,1
14.3476,1
14.3504,1
14.3532,1
14.356,1
14.3588,1
14.3616,1
14.3644,1
14.3672,1
14.37,1
14.3728,1
14.3756,1
14.3784,1
14.3812,1
14.384,1
14.3868,1
14.3896,1
14.3924,1
14.3952,1
14.398,1
14.4008,1
14.4036,1
14.4064,1
14.4092,1
14.412,1
14.4148,1
14.4176,1
14.4204,1
14.4232,1
14.426,1
14.4288,1
14.4316,1
14.4344,1
14.4372,1
14.44,1
14.4428,1
14.4456,1
14.4484,1
14.4512,1
14.454,1
14.4568,1
14.4596,1
14.4624,1
14.4652,1
14.468,1
14.4708,1
14.4736,1
14.4764,1
14.4792,1
14.482,1
14.4848,1
14.4876,1
14.4904,1
14.4932,1
14.496,1
14.4988,1
14.5016,1
14.5044,1
14.5072,1
14.51,1
14.5128,1
14.5156,1
14.5184,1
14.5212,1
14.524,1
14.5268,1
14.5296,1
14.5324,1
14.5352,1
14.538,1
14.5408,1
14.5436,1
14.5464,1
14.5492,1
14.552,1
14.5548,1
14.5576,1
14.5604,1
14.5632,1
14.566,1
14.5688,1
14.5716,1
14.5744,1
14.5772,1
14.58,1
14.5828,1
14.5856,1
14.5884,1
14.5912,1
14.594,1
14.5968,1
14.5996,1
14.6024,1
14.6052,1
14.608,1
14.6108,1
14.6136,1
14.6164,1
14.6192,1
14.622,1
14.6248,1
14.6276,1
14.6304,1
14.6332,1
14.636,1
14.6388,1
14.6416,1
14.6444,1
14.6472,1
14.65,1
14.6528,1
14.6556,1
14.6584,1
14.6612,1
14.664,1
14.6668,1
14.6696,1
14.6724,1
14.6752,1
14.678,1
14.6808,1
14.6836,1
14.6864,1
14.6892,1
14.692,1
14.6948,1
14.6976,1
14.7004,1
14.7032,1
14.706,1
14.7088,1
14.7116,1
14.7144,1
14.7172,1
14.72,1
14.7228,1
14.7256,1
14.7284,1
14.7312,1
14.734,1
14.7368,1
14.7396,1
14.7424,1
14.7452,1
14.748,1
14.7508,1
14.7536,1
14.7564,1
14.7592,1
14.762,1
14.7648,1
14.7676,1
14.7704,1
14.7732,1
14.776,1
14.7788,1
14.7816,1
14.7844,1
14.7872,1
14.79,1
14.7928,1
14.7956,1
14.7984,1
14.8012,1
14.804,1
14.8068,1
14.8096,1
14.8124,1
14.8152,1
14.818,1
14.8208,1
14.8236,1
14.8264,1
14.8292,1
14.832,1
14.8348,1
14.8376,1
14.8404,1
14.8432,1
14.846,1
14.8488,1
14.8516,1
14.8544,1
14.8572,1
14.86,1
14.8628,1
14.8656,1
14.8684,1
14.8712,1
14.874,1
14.8768,1
14.8796,1
14.8824,1
14.8852,1
14.888,1
14.8908,1
14.8936,1
14.8964,1
14.8992,1
14.902,1
14.9048,1
14.9076,1
14.9104,1
14.9132,1
14.916,1
14.9188,1
14.9216,1
14.9244,1
14.9272,1
14.93,1
14.9328,1
14.9356,1
14.9384,1
14.9412,1
14.944,1
14.9468,1
14.9496,1
14.9524,1
14.9552,1
14.958,1
14.9608,1
14.9636,1
14.9664,1
14.9692,1
14.972,1
14.9748,1
14.9776,1
14.9804,1
14.9832,1
14.986,1
14.9888,1
14.9916,1
14.9944,1
14.9972,1
